function x = eulergamma
% EULERGAMMA return Euler's gamma constant 0.577 ... 
x = 0.577215664901532860606512;


 
