function cmap=AMTColormap;
% Colormap used by Andrew Mercer-Taylor
cmap=[
    0.8000    1.0000    0.8000
    0.7873    0.9873    0.7873
    0.7746    0.9746    0.7746
    0.7619    0.9619    0.7619
    0.7492    0.9492    0.7492
    0.7365    0.9365    0.7365
    0.7238    0.9238    0.7238
    0.7111    0.9111    0.7111
    0.6984    0.8984    0.6984
    0.6857    0.8857    0.6857
    0.6730    0.8730    0.6730
    0.6603    0.8603    0.6603
    0.6476    0.8476    0.6476
    0.6349    0.8349    0.6349
    0.6222    0.8222    0.6222
    0.6095    0.8095    0.6095
    0.5968    0.7968    0.5968
    0.5841    0.7841    0.5841
    0.5714    0.7714    0.5714
    0.5587    0.7587    0.5587
    0.5460    0.7460    0.5460
    0.5333    0.7333    0.5333
    0.5206    0.7206    0.5206
    0.5079    0.7079    0.5079
    0.4952    0.6952    0.4952
    0.4825    0.6825    0.4825
    0.4698    0.6698    0.4698
    0.4571    0.6571    0.4571
    0.4444    0.6444    0.4444
    0.4317    0.6317    0.4317
    0.4190    0.6190    0.4190
    0.4063    0.6063    0.4063
    0.3937    0.5937    0.3937
    0.3810    0.5810    0.3810
    0.3683    0.5683    0.3683
    0.3556    0.5556    0.3556
    0.3429    0.5429    0.3429
    0.3302    0.5302    0.3302
    0.3175    0.5175    0.3175
    0.3048    0.5048    0.3048
    0.2921    0.4921    0.2921
    0.2794    0.4794    0.2794
    0.2667    0.4667    0.2667
    0.2540    0.4540    0.2540
    0.2413    0.4413    0.2413
    0.2286    0.4286    0.2286
    0.2159    0.4159    0.2159
    0.2032    0.4032    0.2032
    0.1905    0.3905    0.1905
    0.1778    0.3778    0.1778
    0.1651    0.3651    0.1651
    0.1524    0.3524    0.1524
    0.1397    0.3397    0.1397
    0.1270    0.3270    0.1270
    0.1143    0.3143    0.1143
    0.1016    0.3016    0.1016
    0.0889    0.2889    0.0889
    0.0762    0.2762    0.0762
    0.0635    0.2635    0.0635
    0.0508    0.2508    0.0508
    0.0381    0.2381    0.0381
    0.0254    0.2254    0.0254
    0.0127    0.2127    0.0127
         0    0.2000         0];